../../../../../.git/annex/objects/18/PM/SHA256E-s1015198--558edd2f61cb92bb8ac50aab6fa70eb060c217414b7845c69beb1675a6361420.tsv/SHA256E-s1015198--558edd2f61cb92bb8ac50aab6fa70eb060c217414b7845c69beb1675a6361420.tsv